"Дата","Статистика оренди квартир в Україні","дельта"
2022-07-15,75203,
2022-07-16,75912,709
2022-07-17,73075,-2837
2022-07-18,68058,-5017
2022-07-19,71804,3746
2022-07-20,73683,1879
2022-07-21,72492,-1191
2022-07-22,73589,1097
2022-07-23,73285,-304
2022-07-24,69708,-3577
2022-07-25,67154,-2554
2022-07-26,67712,558
2022-07-27,71334,3622
2022-07-28,75707,4373
2022-07-29,77518,1811
2022-07-30,76828,-690
2022-07-31,72208,-4620
2022-08-01,71761,-447
2022-08-02,71964,203
2022-08-03,76888,4924
2022-08-04,77884,996
2022-08-05,79629,1745
2022-08-06,78389,-1240
2022-08-07,76375,-2014
2022-08-08,75416,-959
2022-08-09,75193,-223
2022-08-10,74811,-382
2022-08-11,77699,2888
2022-08-12,78576,877
2022-08-13,77078,-1498
2022-08-14,75809,-1269
2022-08-15,60775,-15034
2022-08-16,63049,2274
2022-08-17,66399,3350
2022-08-18,63800,-2599
2022-08-19,62838,-962
2022-08-20,75175,12337
2022-08-21,71801,-3374
2022-08-22,71647,-154
2022-08-23,72678,1031
2022-08-24,72468,-210
2022-08-25,63078,-9390
2022-08-26,35773,-27305
2022-08-27,20992,-14781
2022-08-28,20592,-400
2022-08-29,28205,7613
2022-08-30,28689,484
2022-08-31,29069,380
2022-09-01,27967,-1102
2022-09-02,28781,814
2022-09-03,28681,-100
2022-09-04,28625,-56
2022-09-05,28250,-375
2022-09-06,29394,1144
2022-09-07,29567,173
2022-09-08,28910,-657
2022-09-09,28174,-736
2022-09-10,25641,-2533
2022-09-11,23070,-2571
2022-09-12,22091,-979
2022-09-13,21206,-885
2022-09-14,17263,-3943
2022-09-15,21854,4591
2022-09-16,21097,-757
2022-09-17,20702,-395
2022-09-18,20424,-278
2022-09-19,12023,-8401
2022-09-20,29757,17734
2022-09-21,30050,293
2022-09-22,33921,3871
2022-09-23,34615,694
2022-09-24,34734,119
2022-09-25,34776,42
2022-09-26,34873,97
2022-09-27,31263,-3610
2022-09-28,31240,-23
2022-09-29,31384,144
2022-09-30,31443,59
2022-10-01,30735,-708
2022-10-02,29651,-1084
2022-10-03,30000,349
2022-10-04,31259,1259
2022-10-05,32003,744
2022-10-06,32603,600
2022-10-07,32798,195
2022-10-08,32736,-62
2022-10-09,31963,-773
2022-10-10,31461,-502
2022-10-11,30963,-498
2022-10-12,23712,-7251
2022-10-13,23664,-48
2022-10-14,31343,7679
2022-10-15,31969,626
2022-10-16,31568,-401
2022-10-17,31629,61
2022-10-18,32093,464
2022-10-19,32283,190
2022-10-20,31619,-664
2022-10-21,32813,1194
2022-10-22,33404,591
2022-10-23,32442,-962
2022-10-24,33037,595
2022-10-25,32657,-380
2022-10-26,34173,1516
2022-10-27,33343,-830
2022-10-28,34968,1625
2022-10-29,34327,-641
2022-10-30,44507,10180
2022-10-31,44912,405
2022-11-01,45197,285
2022-11-02,45680,483
2022-11-03,46780,1100
2022-11-04,47877,1097
2022-11-05,47557,-320
2022-11-06,47987,430
2022-11-07,36802,-11185
2022-11-08,36300,-502
2022-11-09,37219,919
2022-11-10,37159,-60
2022-11-11,37805,646
2022-11-12,37401,-404
2022-11-13,36712,-689
2022-11-14,37176,464
2022-11-15,37582,406
2022-11-16,38029,447
2022-11-17,38257,228
2022-11-18,37867,-390
2022-11-19,36517,-1350
2022-11-20,38197,1680
2022-11-21,36239,-1958
2022-11-22,23957,-12282
2022-11-23,32733,8776
2022-11-24,34747,2014
2022-11-25,35084,337
2022-11-26,35956,872
2022-11-27,35548,-408
2022-11-28,35112,-436
2022-11-29,34999,-113
2022-11-30,34815,-184
2022-12-01,33143,-1672
2022-12-02,33716,573
2022-12-03,34357,641
2022-12-04,34206,-151
2022-12-05,34047,-159
2022-12-06,33894,-153
2022-12-07,34044,150
2022-12-08,34110,66
2022-12-09,34060,-50
2022-12-10,34031,-29
2022-12-11,34028,-3
2022-12-12,34055,27
2022-12-13,34057,2
2022-12-14,34046,-11
2022-12-15,39850,5804
2022-12-16,39978,128
2022-12-17,39041,-937
2022-12-18,38665,-376
2022-12-19,37694,-971
2022-12-20,37702,8
2022-12-21,35570,-2132
2022-12-22,37007,1437
2022-12-23,37279,272
2022-12-24,38290,1011
2022-12-25,36721,-1569
2022-12-26,38082,1361
2022-12-27,38049,-33
2022-12-28,38174,125
2022-12-29,36742,-1432
2022-12-30,36567,-175
2022-12-31,41753,5186
2023-01-01,39895,-1858
2023-01-02,45510,5615
2023-01-03,40093,-5417
2023-01-04,48699,8606
2023-01-05,48637,-62
2023-01-06,48715,78
2023-01-07,48734,19
2023-01-08,34595,-14139
2023-01-09,34636,41
2023-01-10,35188,552
2023-01-11,36234,1046
2023-01-12,35055,-1179
2023-01-13,35486,431
2023-01-14,37625,2139
2023-01-15,36137,-1488
2023-01-16,33303,-2834
2023-01-17,34082,779
2023-01-18,39562,5480
2023-01-19,38477,-1085
2023-01-20,40148,1671
2023-01-21,35371,-4777
2023-01-22,47724,12353
2023-01-23,49373,1649
2023-01-24,51472,2099
2023-01-25,54009,2537
2023-01-26,54343,334
2023-01-27,54916,573
2023-01-28,54381,-535
2023-01-29,53363,-1018
2023-01-30,50173,-3190
2023-01-31,51756,1583
2023-02-01,50570,-1186
2023-02-02,47858,-2712
2023-02-03,36714,-11144
2023-02-04,35627,-1087
2023-02-05,32120,-3507
2023-02-06,35954,3834
2023-02-07,35315,-639
2023-02-08,37455,2140
2023-02-09,36729,-726
2023-02-10,37188,459
2023-02-11,36085,-1103
2023-02-12,36113,28
2023-02-13,34847,-1266
2023-02-14,35466,619
2023-02-15,37758,2292
2023-02-16,35924,-1834
2023-02-17,38106,2182
2023-02-18,45704,7598
2023-02-19,64541,18837
2023-02-20,65162,621
2023-02-21,35719,-29443
2023-02-22,33925,-1794
2023-02-23,36817,2892
2023-02-24,33924,-2893
2023-02-25,35299,1375
2023-02-26,35976,677
2023-02-27,35203,-773
2023-02-28,36334,1131
2023-03-01,36079,-255
2023-03-02,34659,-1420
2023-03-03,38442,3783
2023-03-04,35996,-2446
2023-03-05,35391,-605
2023-03-06,33828,-1563
2023-03-07,34814,986
2023-03-08,32427,-2387
2023-03-09,33117,690
2023-03-10,33150,33
2023-03-11,30683,-2467
2023-03-12,31798,1115
2023-03-13,33074,1276
2023-03-14,31704,-1370
2023-03-15,36410,4706
2023-03-16,37280,870
2023-03-17,37840,560
2023-03-18,0,-37840
2023-03-19,36484,-1356
2023-03-20,35706,-778
2023-03-21,35921,215
2023-03-22,35360,-561
2023-03-23,36576,1216
2023-03-24,36543,-33
2023-03-25,34030,-2513
2023-03-26,33993,-37
2023-03-27,33951,-42
2023-03-28,31255,-2696
2023-03-29,0,-31255
2023-03-30,0,-31255
2023-03-31,0,-31255
2023-04-01,0,-31255
2023-04-02,0,-31255
2023-04-03,31009,-246
2023-04-04,30083,-926
2023-04-05,30422,339
2023-04-06,30535,113
2023-04-07,29726,-809
2023-04-08,30153,427
2023-04-09,30510,357
2023-04-10,29832,-678
2023-04-11,32657,2825
2023-04-12,32839,182
2023-04-13,34218,1379
2023-04-14,32873,-1345
2023-04-15,32853,-20
2023-04-16,32790,-63
2023-04-17,31371,-1419
2023-04-18,31367,-4
2023-04-19,31094,-273
2023-04-20,0,-31094
2023-04-21,31478,384
2023-04-22,30334,-1144
2023-04-23,31036,702
2023-04-24,30154,-882
2023-04-25,31127,973
2023-04-26,31578,451
2023-04-27,32639,1061
2023-04-28,32048,-591
2023-04-29,32252,204
2023-04-30,32076,-176
2023-05-01,32222,146
2023-05-02,31433,-789
2023-05-03,30289,-1144
2023-05-04,30813,524
2023-05-05,30103,-710
2023-05-06,29446,-657
2023-05-07,30288,842
2023-05-08,31035,747
2023-05-09,30594,-441
2023-05-10,30957,363
2023-05-11,31967,1010
2023-05-12,31940,-27
2023-05-13,30536,-1404
2023-05-14,29280,-1256
2023-05-15,27426,-1854
2023-05-16,26566,-860
2023-05-17,25263,-1303
2023-05-18,19623,-5640
2023-05-19,22996,3373
2023-05-20,23214,218
2023-05-21,23048,-166
2023-05-22,22279,-769
2023-05-23,23234,955
2023-05-24,22623,-611
2023-05-25,22994,371
2023-05-26,22620,-374
2023-05-27,22549,-71
2023-05-28,22023,-526
2023-05-29,19732,-2291
2023-05-30,18117,-1615
2023-05-31,25779,7662
2023-06-01,27045,1266
2023-06-02,29590,2545
2023-06-03,29577,-13
2023-06-04,30357,780
2023-06-05,29623,-734
2023-06-06,30609,986
2023-06-07,30452,-157
2023-06-08,25995,-4457
2023-06-09,27724,1729
2023-06-10,29813,2089
2023-06-11,29754,-59
2023-06-12,0,-29754
2023-06-13,0,-29754
2023-06-14,0,-29754
2023-06-15,0,-29754
2023-06-16,0,-29754
2023-06-17,0,-29754
2023-06-18,0,-29754
2023-06-19,0,-29754
2023-06-20,0,-29754
2023-06-21,0,-29754
2023-06-22,0,-29754
2023-06-23,0,-29754
2023-06-24,0,-29754
2023-06-25,39214,9460
2023-06-26,38585,-629
2023-06-27,43543,4958
2023-06-28,48792,5249
2023-06-29,49285,493
2023-06-30,47750,-1535
2023-07-01,46549,-1201
2023-07-02,45325,-1224
2023-07-03,44966,-359
2023-07-04,43946,-1020
2023-07-05,44519,573
2023-07-06,48992,4473
2023-07-07,48994,2
2023-07-08,48737,-257
2023-07-09,48217,-520
2023-07-10,47876,-341
2023-07-11,48651,775
2023-07-12,48976,325
2023-07-13,24467,-24509
2023-07-14,23623,-844
2023-07-15,22438,-1185
2023-07-16,22048,-390
2023-07-17,21514,-534
2023-07-18,22663,1149
2023-07-19,21965,-698
2023-07-20,22593,628
2023-07-21,22749,156
2023-07-22,22380,-369
2023-07-23,21946,-434
2023-07-24,22577,631
2023-07-25,22686,109
2023-07-26,22017,-669
2023-07-27,22765,748
2023-07-28,22907,142
2023-07-29,22712,-195
2023-07-30,22603,-109
2023-07-31,22843,240
2023-08-01,23035,192
2023-08-02,23183,148
2023-08-03,23245,62
2023-08-04,23321,76
2023-08-05,22881,-440
2023-08-06,22473,-408
2023-08-07,22738,265
2023-08-08,22720,-18
2023-08-09,22043,-677
2023-08-10,22609,566
2023-08-11,22624,15
2023-08-12,22126,-498
2023-08-13,21915,-211
2023-08-14,22151,236
2023-08-15,20721,-1430
2023-08-16,19188,-1533
2023-08-17,17339,-1849
2023-08-18,17986,647
2023-08-19,19758,1772
2023-08-20,19842,84
2023-08-21,19614,-228
2023-08-22,21242,1628
2023-08-23,22525,1283
2023-08-24,23642,1117
2023-08-25,22254,-1388
2023-08-26,21415,-839
2023-08-27,21288,-127
2023-08-28,21523,235
2023-08-29,21641,118
2023-08-30,21587,-54
2023-08-31,21657,70
2023-09-01,20960,-697
2023-09-02,21322,362
2023-09-03,20911,-411
2023-09-04,21360,449
2023-09-05,21781,421
2023-09-06,22206,425
2023-09-07,22440,234
2023-09-08,22686,246
2023-09-09,22372,-314
2023-09-10,22199,-173
2023-09-11,22579,380
2023-09-12,22732,153
2023-09-13,23020,288
2023-09-14,23177,157
2023-09-15,23510,333
2023-09-16,23635,125
2023-09-17,22994,-641
2023-09-18,23753,759
2023-09-19,24035,282
2023-09-20,23363,-672
2023-09-21,24698,1335
2023-09-22,24703,5
2023-09-23,24024,-679
2023-09-24,23675,-349
2023-09-25,24293,618
2023-09-26,24602,309
2023-09-27,24555,-47
2023-09-28,24531,-24
2023-09-29,24809,278
2023-09-30,24597,-212
2023-10-01,24348,-249
2023-10-02,23697,-651
2023-10-03,25517,1820
2023-10-04,24514,-1003
2023-10-05,25434,920
2023-10-06,24928,-506
2023-10-07,24906,-22
2023-10-08,24971,65
2023-10-09,25791,820
2023-10-10,26040,249
2023-10-11,25834,-206
2023-10-12,26272,438
2023-10-13,26708,436
2023-10-14,27125,417
2023-10-15,30276,3151
2023-10-16,31071,795
2023-10-17,31127,56
2023-10-18,30427,-700
2023-10-19,21542,-8885
2023-10-20,31404,9862
2023-10-21,0,-31404
2023-10-22,30945,-459
2023-10-23,30797,-148
2023-10-24,30631,-166
2023-10-25,30786,155
2023-10-26,32077,1291
2023-10-27,31329,-748
2023-10-28,31593,264
2023-10-29,30884,-709
2023-10-30,31999,1115
2023-10-31,31942,-57
2023-11-01,32225,283
2023-11-02,32406,181
2023-11-03,32690,284
2023-11-04,32394,-296
2023-11-05,32063,-331
2023-11-06,32643,580
2023-11-07,33067,424
2023-11-08,33294,227
2023-11-09,33451,157
2023-11-10,33527,76
2023-11-11,33288,-239
2023-11-12,33047,-241
2023-11-13,33334,287
2023-11-14,0,-33334
2023-11-15,33388,54
2023-11-16,32663,-725
2023-11-17,32877,214
2023-11-18,33308,431
2023-11-19,32909,-399
2023-11-20,33625,716
2023-11-21,32518,-1107
2023-11-22,34781,2263
2023-11-23,35445,664
2023-11-24,33002,-2443
2023-11-25,31774,-1228
2023-11-26,31398,-376
2023-11-27,32048,650
2023-11-28,32249,201
2023-11-29,32455,206
2023-11-30,32454,-1
2023-12-01,32822,368
2023-12-02,32860,38
2023-12-03,32846,-14
2023-12-04,33388,542
2023-12-05,33725,337
2023-12-06,33702,-23
2023-12-07,32793,-909
2023-12-08,34230,1437
2023-12-09,33746,-484
2023-12-10,32965,-781
2023-12-11,34013,1048
2023-12-12,34007,-6
2023-12-13,33931,-76
2023-12-14,33733,-198
2023-12-15,32381,-1352
2023-12-16,32471,90
2023-12-17,32693,222
2023-12-18,32891,198
2023-12-19,31961,-930
2023-12-20,33460,1499
2023-12-21,33415,-45
2023-12-22,32553,-862
