"Дата","Втрати автомобільної техніки армії рф","дельта"
2022-02-27,30,30
2022-02-28,291,261
2022-03-01,0,
2022-03-02,355,64
2022-03-03,374,19
2022-03-04,404,30
2022-03-05,409,5
2022-03-06,447,38
2022-03-07,454,7
2022-03-08,474,20
2022-03-09,482,8
2022-03-10,526,44
2022-03-11,558,32
2022-03-12,585,27
2022-03-13,600,15
2022-03-14,617,17
2022-03-15,640,23
2022-03-16,819,179
2022-03-17,864,45
2022-03-18,879,15
2022-03-19,914,35
2022-03-20,947,33
2022-03-21,969,22
2022-03-22,1000,31
2022-03-23,1008,8
2022-03-24,1033,25
2022-03-25,1089,56
2022-03-26,1131,42
2022-03-27,1144,13
2022-03-28,1150,6
2022-03-29,1178,28
2022-03-30,1184,6
2022-03-31,1201,17
2022-04-01,1220,19
2022-04-02,1236,16
2022-04-03,1249,13
2022-04-04,1273,24
2022-04-05,1322,49
2022-04-06,1324,2
2022-04-07,1358,34
2022-04-08,1361,3
2022-04-09,1363,2
2022-04-10,1384,21
2022-04-11,1387,3
2022-04-12,1406,19
2022-04-13,1429,23
2022-04-14,1437,8
2022-04-15,1443,6
2022-04-16,1458,15
2022-04-17,1471,13
2022-04-18,1487,16
2022-04-19,1495,8
2022-04-20,1504,9
2022-04-21,1508,4
2022-04-22,1523,15
2022-04-23,1543,20
2022-04-24,1557,14
2022-04-25,1566,9
2022-04-26,1643,77
2022-04-27,1666,23
2022-04-28,1688,22
2022-04-29,1695,7
2022-04-30,1701,6
2022-05-01,1796,95
2022-05-02,1824,28
2022-05-03,1843,19
2022-05-04,1867,24
2022-05-05,1907,40
2022-05-06,1926,19
2022-05-07,1934,8
2022-05-08,1961,27
2022-05-09,1970,9
2022-05-10,1980,10
2022-05-11,1997,17
2022-05-12,2019,22
2022-05-13,2042,23
2022-05-14,2059,17
2022-05-15,2087,28
2022-05-16,2101,14
2022-05-17,2109,8
2022-05-18,2137,28
2022-05-19,2157,20
2022-05-20,2162,5
2022-05-21,2178,16
2022-05-22,2194,16
2022-05-23,2206,12
2022-05-24,2213,7
2022-05-25,2217,4
2022-05-26,2225,8
2022-05-27,2226,1
2022-05-28,2226,0
2022-05-29,2240,14
2022-05-30,2258,18
2022-05-31,2275,17
2022-06-01,2290,15
2022-06-02,2325,35
2022-06-03,2329,4
2022-06-04,2337,8
2022-06-05,2360,23
2022-06-06,2395,35
2022-06-07,2405,10
2022-06-08,2406,1
2022-06-09,2421,15
2022-06-10,2438,17
2022-06-11,2448,10
2022-06-12,2455,7
2022-06-13,2460,5
2022-06-14,2473,13
2022-06-15,2485,12
2022-06-16,2494,9
2022-06-17,2496,2
2022-06-18,2513,17
2022-06-19,2523,10
2022-06-20,2527,4
2022-06-21,2537,10
2022-06-22,2543,6
2022-06-23,2548,5
2022-06-24,2553,5
2022-06-25,2560,7
2022-06-26,2564,4
2022-06-27,2575,11
2022-06-28,2589,14
2022-06-29,2598,9
2022-06-30,2602,4
2022-07-01,2610,8
2022-07-02,2614,4
2022-07-03,2618,4
2022-07-04,2629,11
2022-07-05,2634,5
2022-07-06,2648,14
2022-07-07,2665,17
2022-07-08,2685,20
2022-07-09,2687,2
2022-07-10,2694,7
2022-07-11,2696,2
2022-07-12,2699,3
2022-07-13,2704,5
2022-07-14,2720,16
2022-07-15,2731,11
2022-07-16,0,
2022-07-17,2746,15
2022-07-18,2753,7
2022-07-19,2767,14
2022-07-20,2775,8
2022-07-21,2781,6
2022-07-22,2803,22
2022-07-23,2820,17
2022-07-24,2823,3
2022-07-25,2832,9
2022-07-26,2835,3
2022-07-27,2847,12
2022-07-28,2854,7
2022-07-29,2870,16
2022-07-30,2889,19
2022-07-31,2902,13
2022-08-01,2912,10
2022-08-02,2914,2
2022-08-03,2922,8
2022-08-04,2960,38
2022-08-05,2964,4
2022-08-06,2970,6
2022-08-07,2978,8
2022-08-08,2993,15
2022-08-09,2998,5
2022-08-10,3005,7
2022-08-11,3018,13
2022-08-12,3021,3
2022-08-13,3036,15
2022-08-14,3039,3
2022-08-15,3044,5
2022-08-16,3049,5
2022-08-17,3054,5
2022-08-18,3061,7
2022-08-19,3130,69
2022-08-20,3137,7
2022-08-21,3143,6
2022-08-22,3149,6
2022-08-23,3150,1
2022-08-24,3160,10
2022-08-25,3160,0
2022-08-26,3162,2
2022-08-27,3165,3
2022-08-28,3171,6
2022-08-29,3188,17
2022-08-30,3217,29
2022-08-31,3236,19
2022-09-01,3239,3
2022-09-02,3247,8
2022-09-03,3268,21
2022-09-04,3276,8
2022-09-05,3286,10
2022-09-06,3305,19
2022-09-07,3320,15
2022-09-08,3344,24
2022-09-09,3399,55
2022-09-10,3426,27
2022-09-11,3445,19
2022-09-12,3463,18
2022-09-13,3469,6
2022-09-14,3501,32
2022-09-15,3522,21
2022-09-16,3550,28
2022-09-17,3571,21
2022-09-18,3578,7
2022-09-19,3581,3
2022-09-20,3587,6
2022-09-21,3610,23
2022-09-22,3630,20
2022-09-23,3659,29
2022-09-24,3681,22
2022-09-25,3701,20
2022-09-26,3711,10
2022-09-27,3730,19
2022-09-28,3742,12
2022-09-29,3751,9
2022-09-30,3768,17
2022-10-01,3786,18
2022-10-02,3796,10
2022-10-03,3811,15
2022-10-04,3823,12
2022-10-05,3841,18
2022-10-06,3854,13
2022-10-07,3862,8
2022-10-08,3875,13
2022-10-09,3890,15
2022-10-10,3908,18
2022-10-11,3916,8
2022-10-12,3927,11
2022-10-13,3935,8
2022-10-14,3944,9
2022-10-15,3951,7
2022-10-16,3959,8
2022-10-17,3969,10
2022-10-18,3985,16
2022-10-19,3999,14
2022-10-20,4005,6
2022-10-21,4006,1
2022-10-22,4021,15
2022-10-23,4039,18
2022-10-24,4044,5
2022-10-25,4054,10
2022-10-26,4076,22
2022-10-27,4078,2
2022-10-28,4088,10
2022-10-29,4107,19
2022-10-30,4120,13
2022-10-31,4128,8
2022-11-01,4143,15
2022-11-02,4153,10
2022-11-03,4162,9
2022-11-04,4174,12
2022-11-05,4184,10
2022-11-06,4184,0
2022-11-07,4199,15
2022-11-08,4216,17
2022-11-09,4227,11
2022-11-10,4242,15
2022-11-11,4259,17
2022-11-12,4279,20
2022-11-13,4295,16
2022-11-14,4316,21
2022-11-15,4351,35
2022-11-16,4360,9
2022-11-17,4362,2
2022-11-18,4366,4
2022-11-19,4368,2
2022-11-20,4371,3
2022-11-21,4378,7
2022-11-22,4393,15
2022-11-23,4396,3
2022-11-24,4400,4
2022-11-25,4404,4
2022-11-26,4406,2
2022-11-27,4412,6
2022-11-28,4416,4
2022-11-29,4423,7
2022-11-30,4429,6
2022-12-01,4441,12
2022-12-02,4464,23
2022-12-03,4472,8
2022-12-04,4479,7
2022-12-05,4497,18
2022-12-06,4505,8
2022-12-07,4526,21
2022-12-08,4528,2
2022-12-09,4531,3
2022-12-10,4535,4
2022-12-11,4540,5
2022-12-12,4544,4
2022-12-13,4549,5
2022-12-14,4562,13
2022-12-15,4563,1
2022-12-16,4563,0
2022-12-17,4577,14
2022-12-18,4579,2
2022-12-19,4599,20
2022-12-20,0,
2022-12-21,4608,9
2022-12-22,4615,7
2022-12-23,4622,7
2022-12-24,4627,5
2022-12-25,4635,8
2022-12-26,4647,12
2022-12-27,4652,5
2022-12-28,4660,8
2022-12-29,4675,15
2022-12-30,4683,8
2022-12-31,4707,24
2023-01-01,0,
2023-01-02,4725,18
2023-01-03,4735,10
2023-01-04,4745,10
2023-01-05,4759,14
2023-01-06,4797,38
2023-01-07,4798,1
2023-01-08,4801,3
2023-01-09,4809,8
2023-01-10,4817,8
2023-01-11,4826,9
2023-01-12,4826,0
2023-01-13,4833,7
2023-01-14,4846,13
2023-01-15,4846,0
2023-01-16,4870,24
2023-01-17,4877,7
2023-01-18,4889,12
2023-01-19,4896,7
2023-01-20,4903,7
2023-01-21,4918,15
2023-01-22,4932,14
2023-01-23,4936,4
2023-01-24,4944,8
2023-01-25,4967,23
2023-01-26,4986,19
2023-01-27,5001,15
2023-01-28,5027,26
2023-01-29,5037,10
2023-01-30,5041,4
2023-01-31,5048,7
2023-02-01,5061,13
2023-02-02,5064,3
2023-02-03,5068,4
2023-02-04,5081,13
2023-02-05,5091,10
2023-02-06,5104,13
2023-02-07,5107,3
2023-02-08,5112,5
2023-02-09,5121,9
2023-02-10,5126,5
2023-02-11,5134,8
2023-02-12,5148,14
2023-02-13,5150,2
2023-02-14,5155,5
2023-02-15,5161,6
2023-02-16,5167,6
2023-02-17,5187,20
2023-02-18,5196,9
2023-02-19,5196,0
2023-02-20,5209,13
2023-02-21,5210,1
2023-02-22,5212,2
2023-02-23,5215,3
2023-02-24,5224,9
2023-02-25,5235,11
2023-02-26,5242,7
2023-02-27,5248,6
2023-02-28,5252,4
2023-03-01,5257,5
2023-03-02,5264,7
2023-03-03,5281,17
2023-03-04,5289,8
2023-03-05,5299,10
2023-03-06,5307,8
2023-03-07,5323,16
2023-03-08,5330,7
2023-03-09,5331,1
2023-03-10,5337,6
2023-03-11,5344,7
2023-03-12,5348,4
2023-03-13,5354,6
2023-03-14,5367,13
2023-03-15,5377,10
2023-03-16,5394,17
2023-03-17,5401,7
2023-03-18,5404,3
2023-03-19,5408,4
2023-03-20,5416,8
2023-03-21,5428,12
2023-03-22,5434,6
2023-03-23,5452,18
2023-03-24,5464,12
2023-03-25,5483,19
2023-03-26,5486,3
2023-03-27,5493,7
2023-03-28,5502,9
2023-03-29,5507,5
2023-03-30,5518,11
2023-03-31,5521,3
2023-04-01,5528,7
2023-04-02,5537,9
2023-04-03,5553,16
2023-04-04,5562,9
2023-04-05,5573,11
2023-04-06,5574,1
2023-04-07,5587,13
2023-04-08,5599,12
2023-04-09,5602,3
2023-04-10,5607,5
2023-04-11,5620,13
2023-04-12,5630,10
2023-04-13,5637,7
2023-04-14,5640,3
2023-04-15,5646,6
2023-04-16,5658,12
2023-04-17,5672,14
2023-04-18,5676,4
2023-04-19,5692,16
2023-04-20,5707,15
2023-04-21,5713,6
2023-04-22,5718,5
2023-04-23,5730,12
2023-04-24,5753,23
2023-04-25,5784,31
2023-04-26,5792,8
2023-04-27,5805,13
2023-04-28,5819,14
2023-04-29,5836,17
2023-04-30,5842,6
2023-05-01,5845,3
2023-05-02,5851,6
2023-05-03,5865,14
2023-05-04,5886,21
2023-05-05,5916,30
2023-05-06,5936,20
2023-05-07,5952,16
2023-05-08,5958,6
2023-05-09,5969,11
2023-05-10,5974,5
2023-05-11,5984,10
2023-05-12,5996,12
2023-05-13,6011,15
2023-05-14,6018,7
2023-05-15,6034,16
2023-05-16,6048,14
2023-05-17,6067,19
2023-05-18,6073,6
2023-05-19,6083,10
2023-05-20,6103,20
2023-05-21,6115,12
2023-05-22,6129,14
2023-05-23,6139,10
2023-05-24,6146,7
2023-05-25,6148,2
2023-05-26,6161,13
2023-05-27,6172,11
2023-05-28,6192,20
2023-05-29,6207,15
2023-05-30,6219,12
2023-05-31,6230,11
2023-06-01,6239,9
2023-06-02,6267,28
2023-06-03,6289,22
2023-06-04,6305,16
2023-06-05,6312,7
2023-06-06,6332,20
2023-06-07,6349,17
2023-06-08,6384,35
2023-06-09,6410,26
2023-06-10,6428,18
2023-06-11,6461,33
2023-06-12,6471,10
2023-06-13,0,
2023-06-14,6482,11
2023-06-15,6506,24
2023-06-16,6519,13
2023-06-17,6557,38
2023-06-18,6571,14
2023-06-19,6613,42
2023-06-20,6645,32
2023-06-21,6667,22
2023-06-22,6678,11
2023-06-23,6708,30
2023-06-24,6731,23
2023-06-25,6751,20
2023-06-26,0,
2023-06-27,6772,21
2023-06-28,6774,2
2023-06-29,6780,6
2023-06-30,6785,5
2023-07-01,6794,9
2023-07-02,6816,22
2023-07-03,6834,18
2023-07-04,6843,9
2023-07-05,6865,22
2023-07-06,6888,23
2023-07-07,6898,10
2023-07-08,6914,16
2023-07-09,6929,15
2023-07-10,6937,8
2023-07-11,6966,29
2023-07-12,6978,12
2023-07-13,6995,17
2023-07-14,7019,24
2023-07-15,7036,17
2023-07-16,7044,8
2023-07-17,7059,15
