"Дата","Втрати бойових броньованих машин армії рф","дельта"
2022-02-25,130,130
2022-02-26,0,
2022-02-27,706,576
2022-02-28,816,110
2022-03-01,846,30
2022-03-02,862,16
2022-03-03,900,38
2022-03-04,939,39
2022-03-05,945,6
2022-03-06,985,40
2022-03-07,999,14
2022-03-08,1036,37
2022-03-09,1070,34
2022-03-10,1105,35
2022-03-11,1165,60
2022-03-12,1205,40
2022-03-13,1226,21
2022-03-14,1249,23
2022-03-15,1279,30
2022-03-16,1375,96
2022-03-17,1435,60
2022-03-18,1448,13
2022-03-19,1470,22
2022-03-20,1487,17
2022-03-21,1535,48
2022-03-22,1556,21
2022-03-23,1578,22
2022-03-24,1597,19
2022-03-25,1625,28
2022-03-26,1640,15
2022-03-27,1664,24
2022-03-28,1694,30
2022-03-29,1710,16
2022-03-30,1723,13
2022-03-31,1735,12
2022-04-01,1751,16
2022-04-02,1776,25
2022-04-03,1830,54
2022-04-04,1844,14
2022-04-05,1858,14
2022-04-06,1861,3
2022-04-07,1891,30
2022-04-08,1891,0
2022-04-09,1895,4
2022-04-10,1911,16
2022-04-11,1923,12
2022-04-12,1946,23
2022-04-13,1964,18
2022-04-14,1968,4
2022-04-15,1976,8
2022-04-16,1982,6
2022-04-17,2002,20
2022-04-18,2041,39
2022-04-19,2063,22
2022-04-20,2087,24
2022-04-21,2118,31
2022-04-22,2162,44
2022-04-23,2205,43
2022-04-24,2238,33
2022-04-25,2258,20
2022-04-26,2308,50
2022-04-27,2342,34
2022-04-28,2389,47
2022-04-29,2418,29
2022-04-30,2445,27
2022-05-01,2471,26
2022-05-02,2519,48
2022-05-03,2567,48
2022-05-04,2610,43
2022-05-05,2651,41
2022-05-06,2686,35
2022-05-07,2713,27
2022-05-08,2741,28
2022-05-09,2764,23
2022-05-10,2808,44
2022-05-11,2856,48
2022-05-12,2873,17
2022-05-13,2900,27
2022-05-14,2934,34
2022-05-15,2958,24
2022-05-16,2974,16
2022-05-17,3009,35
2022-05-18,3009,0
2022-05-19,3063,54
2022-05-20,3090,27
2022-05-21,3116,26
2022-05-22,3141,25
2022-05-23,3166,25
2022-05-24,3194,28
2022-05-25,3213,19
2022-05-26,3235,22
2022-05-27,3246,11
2022-05-28,3258,12
2022-05-29,3270,12
2022-05-30,3282,12
2022-05-31,3302,20
2022-06-01,3343,41
2022-06-02,3354,11
2022-06-03,3366,12
2022-06-04,3379,13
2022-06-05,3392,13
2022-06-06,3400,8
2022-06-07,3416,16
2022-06-08,3429,13
2022-06-09,3438,9
2022-06-10,3450,12
2022-06-11,3466,16
2022-06-12,3484,18
2022-06-13,3492,8
2022-06-14,3503,11
2022-06-15,3528,25
2022-06-16,3545,17
2022-06-17,3563,18
2022-06-18,3573,10
2022-06-19,3577,4
2022-06-20,3588,11
2022-06-21,3606,18
2022-06-22,3614,8
2022-06-23,3632,18
2022-06-24,3637,5
2022-06-25,3645,8
2022-06-26,3659,14
2022-06-27,3687,28
2022-06-28,3704,17
2022-06-29,3720,16
2022-06-30,3726,6
2022-07-01,3736,10
2022-07-02,3737,1
2022-07-03,3744,7
2022-07-04,3754,10
2022-07-05,3772,18
2022-07-06,3789,17
2022-07-07,3797,8
2022-07-08,3811,14
2022-07-09,3815,4
2022-07-10,3823,8
2022-07-11,3828,5
2022-07-12,3829,1
2022-07-13,3832,3
2022-07-14,3852,20
2022-07-15,3866,14
2022-07-16,0,
2022-07-17,3879,13
2022-07-18,3886,7
2022-07-19,3892,6
2022-07-20,3905,13
2022-07-21,3912,7
2022-07-22,3920,8
2022-07-23,3929,9
2022-07-24,3942,13
2022-07-25,3950,8
2022-07-26,3959,9
2022-07-27,3971,12
2022-07-28,3979,8
2022-07-29,3987,8
2022-07-30,3995,8
2022-07-31,4004,9
2022-08-01,4011,7
2022-08-02,4014,3
2022-08-03,4022,8
2022-08-04,4026,4
2022-08-05,4032,6
2022-08-06,4051,19
2022-08-07,4055,4
2022-08-08,4070,15
2022-08-09,4076,6
2022-08-10,4076,0
2022-08-11,4100,24
2022-08-12,4108,8
2022-08-13,4115,7
2022-08-14,4126,11
2022-08-15,4141,15
2022-08-16,4152,11
2022-08-17,4162,10
2022-08-18,4179,17
2022-08-19,4195,16
2022-08-20,4212,17
2022-08-21,4224,12
2022-08-22,4230,6
2022-08-23,4238,8
2022-08-24,4243,5
2022-08-25,4245,2
2022-08-26,4251,6
2022-08-27,4254,3
2022-08-28,4257,3
2022-08-29,4269,12
2022-08-30,4294,25
2022-08-31,4312,18
2022-09-01,4345,33
2022-09-02,4366,21
2022-09-03,4403,37
2022-09-04,4430,27
2022-09-05,4459,29
2022-09-06,4484,25
2022-09-07,4520,36
2022-09-08,4557,37
2022-09-09,4575,18
2022-09-10,4584,9
2022-09-11,4617,33
2022-09-12,4640,23
2022-09-13,4662,22
2022-09-14,4665,3
2022-09-15,4682,17
2022-09-16,4690,8
2022-09-17,4701,11
2022-09-18,4718,17
2022-09-19,4720,2
2022-09-20,4724,4
2022-09-21,4748,24
2022-09-22,4776,28
2022-09-23,4796,20
2022-09-24,4807,11
2022-09-25,4832,25
2022-09-26,4857,25
2022-09-27,4881,24
2022-09-28,4889,8
2022-09-29,4909,20
2022-09-30,4932,23
2022-10-01,4949,17
2022-10-02,4975,26
2022-10-03,4991,16
2022-10-04,5018,27
2022-10-05,5038,20
2022-10-06,5064,26
2022-10-07,5093,29
2022-10-08,5111,18
2022-10-09,5133,22
2022-10-10,5149,16
2022-10-11,5162,13
2022-10-12,5181,19
2022-10-13,5167,-14
2022-10-14,5172,5
2022-10-15,5179,7
2022-10-16,5193,14
2022-10-17,5205,12
2022-10-18,5219,14
2022-10-19,5235,16
2022-10-20,5255,20
2022-10-21,5258,3
2022-10-22,5266,8
2022-10-23,5284,18
2022-10-24,5295,11
2022-10-25,5321,26
2022-10-26,5351,30
2022-10-27,5364,13
2022-10-28,5378,14
2022-10-29,5401,23
2022-10-30,5453,52
2022-10-31,5485,32
2022-11-01,5501,16
2022-11-02,5525,24
2022-11-03,5552,27
2022-11-04,5580,28
2022-11-05,5601,21
2022-11-06,5611,10
2022-11-07,5630,19
2022-11-08,5654,24
2022-11-09,5666,12
2022-11-10,5682,16
2022-11-11,5696,14
2022-11-12,5730,34
2022-11-13,5742,12
2022-11-14,5748,6
2022-11-15,5773,25
2022-11-16,5797,24
2022-11-17,5804,7
2022-11-18,5808,4
2022-11-19,5815,7
2022-11-20,5817,2
2022-11-21,5822,5
2022-11-22,5827,5
2022-11-23,5832,5
2022-11-24,5839,7
2022-11-25,5844,5
2022-11-26,5848,4
2022-11-27,5856,8
2022-11-28,5861,5
2022-11-29,5866,5
2022-11-30,5872,6
2022-12-01,5877,5
2022-12-02,5883,6
2022-12-03,5886,3
2022-12-04,5892,6
2022-12-05,5900,8
2022-12-06,5905,5
2022-12-07,5909,4
2022-12-08,5911,2
2022-12-09,5912,1
2022-12-10,5917,5
2022-12-11,5920,3
2022-12-12,5928,8
2022-12-13,5930,2
2022-12-14,5937,7
2022-12-15,5946,9
2022-12-16,5952,6
2022-12-17,5958,6
2022-12-18,5963,5
2022-12-19,5974,11
2022-12-20,0,
2022-12-21,5979,5
2022-12-22,5981,2
2022-12-23,5986,5
2022-12-24,5994,8
2022-12-25,6010,16
2022-12-26,6017,7
2022-12-27,6024,7
2022-12-28,6037,13
2022-12-29,6047,10
2022-12-30,6059,12
2022-12-31,6075,16
2023-01-01,0,
2023-01-02,6093,18
2023-01-03,6100,7
2023-01-04,6106,6
2023-01-05,6108,2
2023-01-06,6124,16
2023-01-07,6125,1
2023-01-08,6130,5
2023-01-09,6147,17
2023-01-10,6154,7
2023-01-11,6159,5
2023-01-12,6159,0
2023-01-13,6167,8
2023-01-14,6173,6
2023-01-15,6183,10
2023-01-16,6204,21
2023-01-17,6215,11
2023-01-18,6225,10
2023-01-19,6235,10
2023-01-20,6241,6
2023-01-21,6256,15
2023-01-22,6268,12
2023-01-23,6276,8
2023-01-24,6284,8
2023-01-25,6307,23
2023-01-26,6334,27
2023-01-27,6340,6
2023-01-28,6344,4
2023-01-29,6366,22
2023-01-30,6369,3
2023-01-31,6378,9
2023-02-01,6382,4
2023-02-02,6382,0
2023-02-03,6388,6
2023-02-04,6394,6
2023-02-05,6405,11
2023-02-06,6415,10
2023-02-07,6443,28
2023-02-08,6458,15
2023-02-09,6468,10
2023-02-10,6471,3
2023-02-11,6474,3
2023-02-12,6488,14
2023-02-13,6492,4
2023-02-14,6500,8
2023-02-15,6507,7
2023-02-16,6517,10
2023-02-17,6520,3
2023-02-18,6533,13
2023-02-19,6545,12
2023-02-20,6553,8
2023-02-21,6562,9
2023-02-22,6569,7
2023-02-23,6593,24
2023-02-24,6600,7
2023-02-25,6609,9
2023-02-26,6615,6
2023-02-27,6621,6
2023-02-28,6630,9
2023-03-01,6638,8
2023-03-02,6658,20
2023-03-03,6673,15
2023-03-04,6683,10
2023-03-05,6692,9
2023-03-06,6703,11
2023-03-07,6714,11
2023-03-08,6723,9
2023-03-09,6736,13
2023-03-10,6742,6
2023-03-11,6762,20
2023-03-12,6769,7
2023-03-13,6774,5
2023-03-14,6789,15
2023-03-15,6799,10
2023-03-16,6810,11
2023-03-17,6823,13
2023-03-18,6830,7
2023-03-19,6853,23
2023-03-20,6869,16
2023-03-21,6879,10
2023-03-22,6887,8
2023-03-23,6898,11
2023-03-24,6921,23
2023-03-25,6932,11
2023-03-26,6947,15
2023-03-27,6953,6
2023-03-28,6966,13
2023-03-29,6966,0
2023-03-30,6974,8
2023-03-31,6977,3
2023-04-01,6981,4
2023-04-02,6986,5
2023-04-03,6993,7
2023-04-04,6999,6
2023-04-05,7005,6
2023-04-06,7013,8
2023-04-07,7016,3
2023-04-08,7020,4
2023-04-09,7024,4
2023-04-10,7028,4
2023-04-11,7038,10
2023-04-12,7043,5
2023-04-13,7053,10
2023-04-14,7069,16
2023-04-15,7073,4
2023-04-16,7083,10
2023-04-17,7087,4
2023-04-18,7098,11
2023-04-19,7110,12
2023-04-20,7120,10
2023-04-21,7126,6
2023-04-22,7130,4
2023-04-23,7131,1
2023-04-24,7139,8
2023-04-25,7151,12
2023-04-26,7162,11
2023-04-27,7178,16
2023-04-28,7181,3
2023-04-29,7184,3
2023-04-30,7189,5
2023-05-01,7192,3
2023-05-02,7193,1
2023-05-03,7199,6
2023-05-04,7216,17
2023-05-05,7224,8
2023-05-06,7238,14
2023-05-07,7248,10
2023-05-08,7253,5
2023-05-09,7257,4
2023-05-10,7275,18
2023-05-11,7287,12
2023-05-12,7295,8
2023-05-13,7307,12
2023-05-14,7325,18
2023-05-15,7336,11
2023-05-16,7348,12
2023-05-17,7365,17
2023-05-18,7373,8
2023-05-19,7377,4
2023-05-20,7382,5
2023-05-21,7398,16
2023-05-22,7407,9
2023-05-23,7419,12
2023-05-24,7424,5
2023-05-25,7432,8
2023-05-26,7435,3
2023-05-27,7442,7
2023-05-28,7456,14
2023-05-29,7467,11
2023-05-30,7469,2
2023-05-31,7472,3
2023-06-01,7478,6
2023-06-02,7490,12
2023-06-03,7502,12
2023-06-04,7512,10
2023-06-05,7523,11
2023-06-06,7543,20
2023-06-07,7560,17
2023-06-08,7576,16
2023-06-09,7600,24
2023-06-10,7607,7
2023-06-11,7631,24
2023-06-12,7636,5
2023-06-13,0,
2023-06-14,7653,17
2023-06-15,7667,14
2023-06-16,7683,16
2023-06-17,7706,23
2023-06-18,7729,23
2023-06-19,7735,6
2023-06-20,7750,15
2023-06-21,7771,21
2023-06-22,7783,12
2023-06-23,7798,15
2023-06-24,7804,6
2023-06-25,7820,16
2023-06-26,0,
2023-06-27,7834,14
2023-06-28,7847,13
2023-06-29,7857,10
2023-06-30,7863,6
2023-07-01,7868,5
2023-07-02,7888,20
2023-07-03,7899,11
2023-07-04,7908,9
2023-07-05,7917,9
2023-07-06,7932,15
2023-07-07,7944,12
2023-07-08,7953,9
2023-07-09,7964,11
2023-07-10,7966,2
2023-07-11,7983,17
2023-07-12,7990,7
2023-07-13,7999,9
2023-07-14,8008,9
2023-07-15,8019,11
2023-07-16,8026,7
2023-07-17,8034,8
2023-07-18,8051,17
2023-07-19,8059,8
2023-07-20,8065,6
2023-07-21,8080,15
2023-07-22,8096,16
2023-07-23,8105,9
2023-07-24,8118,13
2023-07-25,8131,13
2023-07-26,8136,5
2023-07-27,8147,11
2023-07-28,8161,14
2023-07-29,8167,6
2023-07-30,8178,11
2023-07-31,8188,10
2023-08-01,8205,17
2023-08-02,8213,8
2023-08-03,8234,21
2023-08-04,8249,15
2023-08-05,8251,2
2023-08-06,8262,11
2023-08-07,8270,8
2023-08-08,8278,8
2023-08-09,8290,12
2023-08-10,8303,13
2023-08-11,8318,15
2023-08-12,8324,6
2023-08-13,8335,11
2023-08-14,8354,19
2023-08-15,8370,16
2023-08-16,8380,10
2023-08-17,8398,18
2023-08-18,8410,12
2023-08-19,8424,14
2023-08-20,8435,11
2023-08-21,8449,14
2023-08-22,8476,27
2023-08-23,8488,12
2023-08-24,8511,23
2023-08-25,8521,10
2023-08-26,8539,18
2023-08-27,8554,15
2023-08-28,8562,8
2023-08-29,8579,17
2023-08-30,8596,17
2023-08-31,8604,8
2023-09-01,8613,9
2023-09-02,8637,24
2023-09-03,8649,12
2023-09-04,8663,14
2023-09-05,8670,7
2023-09-06,8682,12
2023-09-07,8703,21
2023-09-08,8726,23
2023-09-09,8739,13
2023-09-10,8755,16
2023-09-11,8767,12
2023-09-12,8778,11
2023-09-13,8792,14
2023-09-14,8810,18
2023-09-15,8814,4
2023-09-16,8824,10
2023-09-17,8828,4
2023-09-18,8834,6
2023-09-19,8851,17
2023-09-20,8868,17
2023-09-21,8883,15
2023-09-22,8891,8
2023-09-23,8912,21
2023-09-24,8914,2
2023-09-25,8927,13
2023-09-26,8946,19
2023-09-27,8950,4
2023-09-28,8962,12
2023-09-29,8972,10
2023-09-30,8984,12
2023-10-01,8991,7
2023-10-02,9000,9
2023-10-03,9008,8
2023-10-04,9026,18
2023-10-05,9052,26
2023-10-06,9082,30
2023-10-07,9102,20
2023-10-08,9123,21
2023-10-09,9126,3
2023-10-10,9129,3
2023-10-11,9220,91
2023-10-12,9264,44
2023-10-13,9313,49
2023-10-14,9337,24
2023-10-15,9362,25
2023-10-16,9385,23
2023-10-17,9405,20
2023-10-18,9420,15
2023-10-19,9437,17
2023-10-20,9557,120
2023-10-21,9612,55
2023-10-22,9631,19
2023-10-23,9653,22
2023-10-24,9669,16
2023-10-25,9697,28
2023-10-26,9715,18
2023-10-27,9726,11
2023-10-28,9749,23
2023-10-29,9758,9
2023-10-30,9775,17
2023-10-31,9804,29
2023-11-01,9834,30
2023-11-02,9877,43
2023-11-03,9901,24
2023-11-04,9939,38
2023-11-05,9953,14
2023-11-06,9958,5
2023-11-07,9974,16
2023-11-08,9996,22
2023-11-09,10014,18
