"Дата","Втрати систем протиповітряної оборони армії рф","дельта"
2022-02-28,5,5
2022-03-01,7,2
2022-03-02,9,2
2022-03-03,11,2
2022-03-04,18,7
2022-03-05,19,1
2022-03-06,21,2
2022-03-07,23,2
2022-03-08,27,4
2022-03-09,28,1
2022-03-10,29,1
2022-03-11,31,2
2022-03-12,33,2
2022-03-13,34,1
2022-03-14,34,0
2022-03-15,36,2
2022-03-16,43,7
2022-03-17,43,0
2022-03-18,43,0
2022-03-19,44,1
2022-03-20,44,0
2022-03-21,45,1
2022-03-22,45,0
2022-03-23,47,2
2022-03-24,47,0
2022-03-25,49,2
2022-03-26,51,2
2022-03-27,52,1
2022-03-28,54,2
2022-03-29,54,0
2022-03-30,54,0
2022-03-31,54,0
2022-04-01,54,0
2022-04-02,54,0
2022-04-03,54,0
2022-04-04,54,0
2022-04-05,55,1
2022-04-06,55,0
2022-04-07,55,0
2022-04-08,55,0
2022-04-09,55,0
2022-04-10,55,0
2022-04-11,55,0
2022-04-12,63,8
2022-04-13,64,1
2022-04-14,64,0
2022-04-15,66,2
2022-04-16,66,0
2022-04-17,66,0
2022-04-18,67,1
2022-04-19,67,0
2022-04-20,67,0
2022-04-21,67,0
2022-04-22,69,2
2022-04-23,69,0
2022-04-24,69,0
2022-04-25,69,0
2022-04-26,69,0
2022-04-27,71,2
2022-04-28,72,1
2022-04-29,73,1
2022-04-30,77,4
2022-05-01,80,3
2022-05-02,80,0
2022-05-03,80,0
2022-05-04,81,1
2022-05-05,83,2
2022-05-06,83,0
2022-05-07,84,1
2022-05-08,86,2
2022-05-09,87,1
2022-05-10,87,0
2022-05-11,87,0
2022-05-12,87,0
2022-05-13,88,1
2022-05-14,88,0
2022-05-15,89,1
2022-05-16,89,0
2022-05-17,90,1
2022-05-18,91,1
2022-05-19,93,2
2022-05-20,93,0
2022-05-21,93,0
2022-05-22,93,0
2022-05-23,93,0
2022-05-24,93,0
2022-05-25,93,0
2022-05-26,93,0
2022-05-27,93,0
2022-05-28,93,0
2022-05-29,93,0
2022-05-30,93,0
2022-05-31,93,0
2022-06-01,94,1
2022-06-02,95,1
2022-06-03,95,0
2022-06-04,95,0
2022-06-05,95,0
2022-06-06,96,1
2022-06-07,96,0
2022-06-08,96,0
2022-06-09,96,0
2022-06-10,97,1
2022-06-11,97,0
2022-06-12,97,0
2022-06-13,97,0
2022-06-14,97,0
2022-06-15,97,0
2022-06-16,97,0
2022-06-17,97,0
2022-06-18,98,1
2022-06-19,98,0
2022-06-20,98,0
2022-06-21,98,0
2022-06-22,99,1
2022-06-23,99,0
2022-06-24,99,0
2022-06-25,99,0
2022-06-26,99,0
2022-06-27,101,2
2022-06-28,102,1
2022-06-29,103,1
2022-06-30,104,1
2022-07-01,105,1
2022-07-02,105,0
2022-07-03,105,0
2022-07-04,105,0
2022-07-05,105,0
2022-07-06,107,2
2022-07-07,107,0
2022-07-08,107,0
2022-07-09,108,1
2022-07-10,108,0
2022-07-11,109,1
2022-07-12,109,0
2022-07-13,109,0
2022-07-14,109,0
2022-07-15,109,0
2022-07-16,0,
2022-07-17,110,1
2022-07-18,113,3
2022-07-19,113,0
2022-07-20,113,0
2022-07-21,113,0
2022-07-22,113,0
2022-07-23,113,0
2022-07-24,113,0
2022-07-25,116,3
2022-07-26,117,1
2022-07-27,117,0
2022-07-28,117,0
2022-07-29,117,0
2022-07-30,117,0
2022-07-31,117,0
2022-08-01,117,0
2022-08-02,117,0
2022-08-03,118,1
2022-08-04,118,0
2022-08-05,123,5
2022-08-06,127,4
2022-08-07,132,5
2022-08-08,132,0
2022-08-09,133,1
2022-08-10,133,0
2022-08-11,134,1
2022-08-12,136,2
2022-08-13,136,0
2022-08-14,136,0
2022-08-15,136,0
2022-08-16,136,0
2022-08-17,136,0
2022-08-18,136,0
2022-08-19,141,5
2022-08-20,141,0
2022-08-21,141,0
2022-08-22,145,4
2022-08-23,146,1
2022-08-24,147,1
2022-08-25,148,1
2022-08-26,148,0
2022-08-27,148,0
2022-08-28,148,0
2022-08-29,149,1
2022-08-30,151,2
2022-08-31,152,1
2022-09-01,153,1
2022-09-02,153,0
2022-09-03,153,0
2022-09-04,156,3
2022-09-05,156,0
2022-09-06,156,0
2022-09-07,156,0
2022-09-08,159,3
2022-09-09,159,0
2022-09-10,162,3
2022-09-11,162,0
2022-09-12,162,0
2022-09-13,165,3
2022-09-14,167,2
2022-09-15,167,0
2022-09-16,168,1
2022-09-17,168,0
2022-09-18,168,0
2022-09-19,168,0
2022-09-20,168,0
2022-09-21,168,0
2022-09-22,169,1
2022-09-23,170,1
2022-09-24,170,0
2022-09-25,171,1
2022-09-26,172,1
2022-09-27,175,3
2022-09-28,175,0
2022-09-29,175,0
2022-09-30,176,1
2022-10-01,176,0
2022-10-02,176,0
2022-10-03,176,0
2022-10-04,177,1
2022-10-05,177,0
2022-10-06,177,0
2022-10-07,177,0
2022-10-08,180,3
2022-10-09,180,0
2022-10-10,181,1
2022-10-11,181,0
2022-10-12,182,1
2022-10-13,183,1
2022-10-14,186,3
2022-10-15,186,0
2022-10-16,186,0
2022-10-17,187,1
2022-10-18,188,1
2022-10-19,189,1
2022-10-20,189,0
2022-10-21,189,0
2022-10-22,189,0
2022-10-23,189,0
2022-10-24,189,0
2022-10-25,190,1
2022-10-26,192,2
2022-10-27,192,0
2022-10-28,192,0
2022-10-29,195,3
2022-10-30,197,2
2022-10-31,197,0
2022-11-01,197,0
2022-11-02,198,1
2022-11-03,198,0
2022-11-04,201,3
2022-11-05,202,1
2022-11-06,202,0
2022-11-07,202,0
2022-11-08,203,1
2022-11-09,205,2
2022-11-10,205,0
2022-11-11,205,0
2022-11-12,205,0
2022-11-13,206,1
2022-11-14,206,0
2022-11-15,208,2
2022-11-16,209,1
2022-11-17,209,0
2022-11-18,209,0
2022-11-19,209,0
2022-11-20,209,0
2022-11-21,209,0
2022-11-22,209,0
2022-11-23,209,0
2022-11-24,209,0
2022-11-25,209,0
2022-11-26,209,0
2022-11-27,209,0
2022-11-28,209,0
2022-11-29,209,0
2022-11-30,210,1
2022-12-01,210,0
2022-12-02,210,0
2022-12-03,210,0
2022-12-04,210,0
2022-12-05,211,1
2022-12-06,211,0
2022-12-07,211,0
2022-12-08,211,0
2022-12-09,211,0
2022-12-10,211,0
2022-12-11,211,0
2022-12-12,211,0
2022-12-13,211,0
2022-12-14,211,0
2022-12-15,211,0
2022-12-16,211,0
2022-12-17,211,0
2022-12-18,211,0
2022-12-19,212,1
2022-12-20,0,
2022-12-21,212,0
2022-12-22,212,0
2022-12-23,212,0
2022-12-24,212,0
2022-12-25,212,0
2022-12-26,212,0
2022-12-27,212,0
2022-12-28,212,0
2022-12-29,212,0
2022-12-30,212,0
2022-12-31,213,1
2023-01-01,0,
2023-01-02,213,0
2023-01-03,214,1
2023-01-04,215,1
2023-01-05,215,0
2023-01-06,215,0
2023-01-07,217,2
2023-01-08,217,0
2023-01-09,217,0
2023-01-10,217,0
2023-01-11,217,0
2023-01-12,218,1
2023-01-13,218,0
2023-01-14,219,1
2023-01-15,219,0
2023-01-16,220,1
2023-01-17,220,0
2023-01-18,220,0
2023-01-19,220,0
2023-01-20,220,0
2023-01-21,220,0
2023-01-22,220,0
2023-01-23,220,0
2023-01-24,220,0
2023-01-25,220,0
2023-01-26,220,0
2023-01-27,221,1
2023-01-28,221,0
2023-01-29,221,0
2023-01-30,221,0
2023-01-31,221,0
2023-02-01,221,0
2023-02-02,222,1
2023-02-03,222,0
2023-02-04,225,3
2023-02-05,227,2
2023-02-06,227,0
2023-02-07,227,0
2023-02-08,228,1
2023-02-09,232,4
2023-02-10,233,1
2023-02-11,234,1
2023-02-12,234,0
2023-02-13,234,0
2023-02-14,234,0
2023-02-15,236,2
2023-02-16,239,3
2023-02-17,241,2
2023-02-18,243,2
2023-02-19,243,0
2023-02-20,243,0
2023-02-21,243,0
2023-02-22,243,0
2023-02-23,244,1
2023-02-24,247,3
2023-02-25,247,0
2023-02-26,247,0
2023-02-27,247,0
2023-02-28,247,0
2023-03-01,247,0
2023-03-02,247,0
2023-03-03,247,0
2023-03-04,247,0
2023-03-05,248,1
2023-03-06,250,2
2023-03-07,253,3
2023-03-08,253,0
2023-03-09,254,1
2023-03-10,256,2
2023-03-11,257,1
2023-03-12,259,2
2023-03-13,259,0
2023-03-14,260,1
2023-03-15,262,2
2023-03-16,265,3
2023-03-17,265,0
2023-03-18,265,0
2023-03-19,268,3
2023-03-20,270,2
2023-03-21,270,0
2023-03-22,272,2
2023-03-23,273,1
2023-03-24,276,3
2023-03-25,276,0
2023-03-26,277,1
2023-03-27,277,0
2023-03-28,277,0
2023-03-29,277,0
2023-03-30,278,1
2023-03-31,278,0
2023-04-01,279,1
2023-04-02,279,0
2023-04-03,280,1
2023-04-04,280,0
2023-04-05,280,0
2023-04-06,281,1
2023-04-07,281,0
2023-04-08,282,1
2023-04-09,282,0
2023-04-10,282,0
2023-04-11,282,0
2023-04-12,282,0
2023-04-13,283,1
2023-04-14,283,0
2023-04-15,283,0
2023-04-16,284,1
2023-04-17,285,1
2023-04-18,285,0
2023-04-19,285,0
2023-04-20,285,0
2023-04-21,285,0
2023-04-22,289,4
2023-04-23,289,0
2023-04-24,289,0
2023-04-25,291,2
2023-04-26,292,1
2023-04-27,293,1
2023-04-28,294,1
2023-04-29,294,0
2023-04-30,295,1
2023-05-01,295,0
2023-05-02,298,3
2023-05-03,300,2
2023-05-04,304,4
2023-05-05,304,0
2023-05-06,306,2
2023-05-07,306,0
2023-05-08,306,0
2023-05-09,307,1
2023-05-10,308,1
2023-05-11,310,2
2023-05-12,312,2
2023-05-13,314,2
2023-05-14,314,0
2023-05-15,316,2
2023-05-16,316,0
2023-05-17,318,2
2023-05-18,318,0
2023-05-19,319,1
2023-05-20,325,6
2023-05-21,327,2
2023-05-22,327,0
2023-05-23,327,0
2023-05-24,327,0
2023-05-25,327,0
2023-05-26,328,1
2023-05-27,329,1
2023-05-28,329,0
2023-05-29,331,2
2023-05-30,332,1
2023-05-31,333,1
2023-06-01,333,0
2023-06-02,335,2
2023-06-03,342,7
2023-06-04,344,2
2023-06-05,349,5
2023-06-06,351,2
2023-06-07,352,1
2023-06-08,355,3
2023-06-09,359,4
2023-06-10,362,3
2023-06-11,362,0
2023-06-12,362,0
2023-06-13,0,
2023-06-14,364,2
2023-06-15,364,0
2023-06-16,364,0
2023-06-17,364,0
2023-06-18,364,0
2023-06-19,370,6
2023-06-20,372,2
2023-06-21,375,3
2023-06-22,376,1
2023-06-23,379,3
2023-06-24,383,4
2023-06-25,385,2
2023-06-26,0,
2023-06-27,386,1
2023-06-28,387,1
2023-06-29,388,1
2023-06-30,389,1
2023-07-01,389,0
2023-07-02,390,1
2023-07-03,391,1
2023-07-04,394,3
2023-07-05,395,1
2023-07-06,404,9
2023-07-07,408,4
2023-07-08,410,2
2023-07-09,413,3
2023-07-10,414,1
2023-07-11,414,0
2023-07-12,415,1
2023-07-13,421,6
2023-07-14,423,2
2023-07-15,425,2
2023-07-16,425,0
2023-07-17,428,3
2023-07-18,428,0
2023-07-19,430,2
2023-07-20,433,3
2023-07-21,440,7
2023-07-22,448,8
2023-07-23,451,3
2023-07-24,452,1
2023-07-25,454,2
2023-07-26,457,3
2023-07-27,457,0
2023-07-28,458,1
2023-07-29,458,0
2023-07-30,459,1
2023-07-31,460,1
2023-08-01,462,2
2023-08-02,463,1
2023-08-03,465,2
2023-08-04,466,1
2023-08-05,466,0
2023-08-06,466,0
2023-08-07,467,1
2023-08-08,468,1
2023-08-09,469,1
2023-08-10,469,0
2023-08-11,471,2
2023-08-12,472,1
2023-08-13,477,5
2023-08-14,479,2
2023-08-15,482,3
2023-08-16,485,3
2023-08-17,486,1
2023-08-18,486,0
2023-08-19,486,0
2023-08-20,489,3
2023-08-21,489,0
2023-08-22,491,2
2023-08-23,491,0
2023-08-24,494,3
2023-08-25,495,1
2023-08-26,497,2
2023-08-27,498,1
2023-08-28,499,1
2023-08-29,500,1
2023-08-30,500,0
2023-08-31,500,0
2023-09-01,500,0
2023-09-02,501,1
2023-09-03,502,1
2023-09-04,503,1
2023-09-05,504,1
2023-09-06,505,1
2023-09-07,506,1
2023-09-08,507,1
2023-09-09,508,1
2023-09-10,509,1
2023-09-11,512,3
2023-09-12,515,3
2023-09-13,517,2
2023-09-14,517,0
2023-09-15,521,4
2023-09-16,521,0
2023-09-17,523,2
2023-09-18,525,2
2023-09-19,526,1
2023-09-20,526,0
2023-09-21,528,2
2023-09-22,528,0
2023-09-23,530,2
2023-09-24,531,1
2023-09-25,533,2
2023-09-26,533,0
2023-09-27,534,1
2023-09-28,535,1
2023-09-29,536,1
2023-09-30,537,1
2023-10-01,537,0
2023-10-02,540,3
2023-10-03,540,0
2023-10-04,540,0
2023-10-05,540,0
2023-10-06,540,0
2023-10-07,541,1
2023-10-08,542,1
2023-10-09,543,1
2023-10-10,544,1
2023-10-11,545,1
2023-10-12,545,0
2023-10-13,546,1
2023-10-14,547,1
2023-10-15,547,0
2023-10-16,547,0
2023-10-17,547,0
2023-10-18,547,0
2023-10-19,548,1
2023-10-20,548,0
2023-10-21,548,0
2023-10-22,549,1
2023-10-23,551,2
2023-10-24,552,1
2023-10-25,554,2
2023-10-26,556,2
2023-10-27,556,0
2023-10-28,558,2
2023-10-29,558,0
2023-10-30,559,1
2023-10-31,562,3
2023-11-01,563,1
2023-11-02,566,3
2023-11-03,566,0
2023-11-04,568,2
