"Дата","Втрати танків армії рф","дельта"
2022-02-27,146,146
2022-02-28,191,45
2022-03-01,198,7
2022-03-02,211,13
2022-03-03,217,6
2022-03-04,251,34
2022-03-05,269,18
2022-03-06,285,16
2022-03-07,290,5
2022-03-08,303,13
2022-03-09,317,14
2022-03-10,335,18
2022-03-11,353,18
2022-03-12,362,9
2022-03-13,374,12
2022-03-14,389,15
2022-03-15,404,15
2022-03-16,430,26
2022-03-17,444,14
2022-03-18,450,6
2022-03-19,466,16
2022-03-20,476,10
2022-03-21,498,22
2022-03-22,509,11
2022-03-23,517,8
2022-03-24,530,13
2022-03-25,561,31
2022-03-26,575,14
2022-03-27,582,7
2022-03-28,586,4
2022-03-29,597,11
2022-03-30,605,8
2022-03-31,614,9
2022-04-01,625,11
2022-04-02,631,6
2022-04-03,644,13
2022-04-04,647,3
2022-04-05,676,29
2022-04-06,684,8
2022-04-07,698,14
2022-04-08,700,2
2022-04-09,705,5
2022-04-10,722,17
2022-04-11,725,3
2022-04-12,732,7
2022-04-13,739,7
2022-04-14,753,14
2022-04-15,756,3
2022-04-16,762,6
2022-04-17,773,11
2022-04-18,790,17
2022-04-19,802,12
2022-04-20,815,13
2022-04-21,829,14
2022-04-22,838,9
2022-04-23,854,16
2022-04-24,873,19
2022-04-25,884,11
2022-04-26,918,34
2022-04-27,939,21
2022-04-28,970,31
2022-04-29,986,16
2022-04-30,1008,22
2022-05-01,1026,18
2022-05-02,1048,22
2022-05-03,1062,14
2022-05-04,1077,15
2022-05-05,1092,15
2022-05-06,1110,18
2022-05-07,1122,12
2022-05-08,1130,8
2022-05-09,1145,15
2022-05-10,1170,25
2022-05-11,1187,17
2022-05-12,1195,8
2022-05-13,1205,10
2022-05-14,1218,13
2022-05-15,1220,2
2022-05-16,1228,8
2022-05-17,1235,7
2022-05-18,1251,16
2022-05-19,1254,3
2022-05-20,1263,9
2022-05-21,1278,15
2022-05-22,1285,7
2022-05-23,1293,8
2022-05-24,1302,9
2022-05-25,1305,3
2022-05-26,1315,10
2022-05-27,1322,7
2022-05-28,1330,8
2022-05-29,1338,8
2022-05-30,1349,11
2022-05-31,1358,9
2022-06-01,1361,3
2022-06-02,1363,2
2022-06-03,1367,4
2022-06-04,1376,9
2022-06-05,1381,5
2022-06-06,1386,5
2022-06-07,1390,4
2022-06-08,1393,3
2022-06-09,1398,5
2022-06-10,1409,11
2022-06-11,1419,10
2022-06-12,1430,11
2022-06-13,1432,2
2022-06-14,1434,2
2022-06-15,1440,6
2022-06-16,1449,9
2022-06-17,1456,7
2022-06-18,1465,9
2022-06-19,1468,3
2022-06-20,1477,9
2022-06-21,1496,19
2022-06-22,1496,0
2022-06-23,1504,8
2022-06-24,1507,3
2022-06-25,1511,4
2022-06-26,1532,21
2022-06-27,1552,20
2022-06-28,1567,15
2022-06-29,1572,5
2022-06-30,1573,1
2022-07-01,1577,4
2022-07-02,1582,5
2022-07-03,1584,2
2022-07-04,1589,5
2022-07-05,1594,5
2022-07-06,1600,6
2022-07-07,1602,2
2022-07-08,1637,35
2022-07-09,1638,1
2022-07-10,1641,3
2022-07-11,1645,4
2022-07-12,1649,4
2022-07-13,1649,0
2022-07-14,1667,18
2022-07-15,1672,5
2022-07-16,0,
2022-07-17,1684,12
2022-07-18,1687,3
2022-07-19,1691,4
2022-07-20,1700,9
2022-07-21,1704,4
2022-07-22,1704,0
2022-07-23,1708,4
2022-07-24,1722,14
2022-07-25,1730,8
2022-07-26,1737,7
2022-07-27,1738,1
2022-07-28,1742,4
2022-07-29,1749,7
2022-07-30,1759,10
2022-07-31,1763,4
2022-08-01,1768,5
2022-08-02,1768,0
2022-08-03,1774,6
2022-08-04,1789,15
2022-08-05,1792,3
2022-08-06,1802,10
2022-08-07,1805,3
2022-08-08,1811,6
2022-08-09,1817,6
2022-08-10,1832,15
2022-08-11,1846,14
2022-08-12,1849,3
2022-08-13,1856,7
2022-08-14,1864,8
2022-08-15,1876,12
2022-08-16,1880,4
2022-08-17,1886,6
2022-08-18,1889,3
2022-08-19,1899,10
2022-08-20,1907,8
2022-08-21,1912,5
2022-08-22,1919,7
2022-08-23,1921,2
2022-08-24,1924,3
2022-08-25,1929,5
2022-08-26,1936,7
2022-08-27,1939,3
2022-08-28,1942,3
2022-08-29,1947,5
2022-08-30,1954,7
2022-08-31,1974,20
2022-09-01,1997,23
2022-09-02,2009,12
2022-09-03,2034,25
2022-09-04,2049,15
2022-09-05,2068,19
2022-09-06,2077,9
2022-09-07,2097,20
2022-09-08,2112,15
2022-09-09,2122,10
2022-09-10,2136,14
2022-09-11,2154,18
2022-09-12,2168,14
2022-09-13,2175,7
2022-09-14,2180,5
2022-09-15,2193,13
2022-09-16,2199,6
2022-09-17,2202,3
2022-09-18,2210,8
2022-09-19,2212,2
2022-09-20,2216,4
2022-09-21,2227,11
2022-09-22,2236,9
2022-09-23,2254,18
2022-09-24,2262,8
2022-09-25,2275,13
2022-09-26,2290,15
2022-09-27,2306,16
2022-09-28,2312,6
2022-09-29,2325,13
2022-09-30,2338,13
2022-10-01,2354,16
2022-10-02,2377,23
2022-10-03,2380,3
2022-10-04,2424,44
2022-10-05,2435,11
2022-10-06,2449,14
2022-10-07,2466,17
2022-10-08,2472,6
2022-10-09,2486,14
2022-10-10,2495,9
2022-10-11,2504,9
2022-10-12,2505,1
2022-10-13,2511,6
2022-10-14,2521,10
2022-10-15,2524,3
2022-10-16,2529,5
2022-10-17,2537,8
2022-10-18,2548,11
2022-10-19,2554,6
2022-10-20,2567,13
2022-10-21,2573,6
2022-10-22,2579,6
2022-10-23,2584,5
2022-10-24,2590,6
2022-10-25,2611,21
2022-10-26,2628,17
2022-10-27,2631,3
2022-10-28,2640,9
2022-10-29,2659,19
2022-10-30,2672,13
2022-10-31,2686,14
2022-11-01,2698,12
2022-11-02,2714,16
2022-11-03,2734,20
2022-11-04,2750,16
2022-11-05,2758,8
2022-11-06,2765,7
2022-11-07,2771,6
2022-11-08,2786,15
2022-11-09,2801,15
2022-11-10,2804,3
2022-11-11,2814,10
2022-11-12,2838,24
2022-11-13,2840,2
2022-11-14,2848,8
2022-11-15,2861,13
2022-11-16,2871,10
2022-11-17,2878,7
2022-11-18,2879,1
2022-11-19,2885,6
2022-11-20,2886,1
2022-11-21,2892,6
2022-11-22,2895,3
2022-11-23,2897,2
2022-11-24,2898,1
2022-11-25,2899,1
2022-11-26,2901,2
2022-11-27,2905,4
2022-11-28,2908,3
2022-11-29,2911,3
2022-11-30,2914,3
2022-12-01,2915,1
2022-12-02,2916,1
2022-12-03,2917,1
2022-12-04,2922,5
2022-12-05,2924,2
2022-12-06,2929,5
2022-12-07,2935,6
2022-12-08,2937,2
2022-12-09,2937,0
2022-12-10,2940,3
2022-12-11,2942,2
2022-12-12,2966,24
2022-12-13,2966,0
2022-12-14,2970,4
2022-12-15,2975,5
2022-12-16,2980,5
2022-12-17,2985,5
2022-12-18,2987,2
2022-12-19,2995,8
2022-12-20,0,
2022-12-21,3002,7
2022-12-22,3003,1
2022-12-23,3005,2
2022-12-24,3006,1
2022-12-25,3011,5
2022-12-26,3016,5
2022-12-27,3016,0
2022-12-28,3017,1
2022-12-29,3018,1
2022-12-30,3026,8
2022-12-31,3029,3
2023-01-01,0,
2023-01-02,3031,2
2023-01-03,3036,5
2023-01-04,3038,2
2023-01-05,3041,3
2023-01-06,3064,23
2023-01-07,3066,2
2023-01-08,3069,3
2023-01-09,3080,11
2023-01-10,3084,4
2023-01-11,3094,10
2023-01-12,3094,0
2023-01-13,3098,4
2023-01-14,3104,6
2023-01-15,3106,2
2023-01-16,3118,12
2023-01-17,3121,3
2023-01-18,3130,9
2023-01-19,3136,6
2023-01-20,3139,3
2023-01-21,3140,1
2023-01-22,3145,5
2023-01-23,3150,5
2023-01-24,3152,2
2023-01-25,3161,9
2023-01-26,3175,14
2023-01-27,3182,7
2023-01-28,3189,7
2023-01-29,3197,8
2023-01-30,3201,4
2023-01-31,3201,0
2023-02-01,3209,8
2023-02-02,3211,2
2023-02-03,3215,4
2023-02-04,3218,3
2023-02-05,3220,2
2023-02-06,3231,11
2023-02-07,3245,14
2023-02-08,3253,8
2023-02-09,3255,2
2023-02-10,3258,3
2023-02-11,3267,9
2023-02-12,3280,13
2023-02-13,3283,3
2023-02-14,3286,3
2023-02-15,3290,4
2023-02-16,3296,6
2023-02-17,3298,2
2023-02-18,3303,5
2023-02-19,3310,7
2023-02-20,3316,6
2023-02-21,3326,10
2023-02-22,3334,8
2023-02-23,3350,16
2023-02-24,3363,13
2023-02-25,3375,12
2023-02-26,3381,6
2023-02-27,3385,4
2023-02-28,3388,3
2023-03-01,3395,7
2023-03-02,3397,2
2023-03-03,3405,8
2023-03-04,3409,4
2023-03-05,3414,5
2023-03-06,3423,9
2023-03-07,3432,9
2023-03-08,3436,4
2023-03-09,3441,5
2023-03-10,3448,7
2023-03-11,3458,10
2023-03-12,3466,8
2023-03-13,3474,8
2023-03-14,3484,10
2023-03-15,3492,8
2023-03-16,3504,12
2023-03-17,3506,2
2023-03-18,3511,5
2023-03-19,3532,21
2023-03-20,3537,5
2023-03-21,3552,15
2023-03-22,3557,5
2023-03-23,3570,13
2023-03-24,3574,4
2023-03-25,3580,6
2023-03-26,3595,15
2023-03-27,3595,0
2023-03-28,3602,7
2023-03-29,3609,7
2023-03-30,3610,1
2023-03-31,3615,5
2023-04-01,3616,1
2023-04-02,3618,2
2023-04-03,3619,1
2023-04-04,3627,8
2023-04-05,3629,2
2023-04-06,3631,2
2023-04-07,3633,2
2023-04-08,3636,3
2023-04-09,3636,0
2023-04-10,3637,1
2023-04-11,3644,7
2023-04-12,3646,2
2023-04-13,3646,0
2023-04-14,3650,4
2023-04-15,3653,3
2023-04-16,3657,4
2023-04-17,3660,3
2023-04-18,3661,1
2023-04-19,3665,4
2023-04-20,3667,2
2023-04-21,3668,1
2023-04-22,3672,4
2023-04-23,3675,3
2023-04-24,3683,8
2023-04-25,3688,5
2023-04-26,3692,4
2023-04-27,3694,2
2023-04-28,3694,0
2023-04-29,3697,3
2023-04-30,3699,2
2023-05-01,3700,1
2023-05-02,3701,1
2023-05-03,3702,1
2023-05-04,3707,5
2023-05-05,3710,3
2023-05-06,3717,7
2023-05-07,3723,6
2023-05-08,3730,7
2023-05-09,3734,4
2023-05-10,3736,2
2023-05-11,3740,4
2023-05-12,3745,5
2023-05-13,3751,6
2023-05-14,3756,5
2023-05-15,3759,3
2023-05-16,3762,3
2023-05-17,3771,9
2023-05-18,3773,2
2023-05-19,3777,4
2023-05-20,3781,4
2023-05-21,3783,2
2023-05-22,3785,2
2023-05-23,3789,4
2023-05-24,3792,3
2023-05-25,3795,3
2023-05-26,3796,1
2023-05-27,3799,3
2023-05-28,3797,-2
2023-05-29,3801,4
2023-05-30,3802,1
2023-05-31,3802,0
2023-06-01,3804,2
2023-06-02,3819,15
2023-06-03,3829,10
2023-06-04,3837,8
2023-06-05,3848,11
2023-06-06,3860,12
2023-06-07,3873,13
2023-06-08,3891,18
2023-06-09,3901,10
2023-06-10,3909,8
2023-06-11,3926,17
2023-06-12,3931,5
2023-06-13,0,
2023-06-14,3943,12
2023-06-15,3955,12
2023-06-16,3965,10
2023-06-17,3977,12
2023-06-18,3984,7
2023-06-19,3989,5
2023-06-20,3997,8
2023-06-21,4006,9
2023-06-22,4013,7
2023-06-23,4017,4
2023-06-24,4024,7
2023-06-25,4031,7
2023-06-26,0,
2023-06-27,4036,5
2023-06-28,4036,0
2023-06-29,4038,2
2023-06-30,4041,3
2023-07-01,4042,1
2023-07-02,4052,10
2023-07-03,4057,5
2023-07-04,4059,2
2023-07-05,4062,3
2023-07-06,4068,6
2023-07-07,4070,2
2023-07-08,4074,4
2023-07-09,4078,4
2023-07-10,4085,7
2023-07-11,4089,4
2023-07-12,4090,1
2023-07-13,4092,2
2023-07-14,4097,5
2023-07-15,4102,5
2023-07-16,4107,5
2023-07-17,4115,8
2023-07-18,4119,4
2023-07-19,4123,4
2023-07-20,4129,6
2023-07-21,4133,4
2023-07-22,4140,7
2023-07-23,4151,11
2023-07-24,4162,11
2023-07-25,4174,12
2023-07-26,4177,3
2023-07-27,4186,9
2023-07-28,4190,4
2023-07-29,4191,1
2023-07-30,4205,14
2023-07-31,4211,6
2023-08-01,4216,5
2023-08-02,4217,1
2023-08-03,4224,7
2023-08-04,4228,4
2023-08-05,4232,4
2023-08-06,4237,5
2023-08-07,4244,7
2023-08-08,4254,10
2023-08-09,4262,8
2023-08-10,4278,16
2023-08-11,4290,12
2023-08-12,4295,5
2023-08-13,4298,3
2023-08-14,4306,8
2023-08-15,4313,7
2023-08-16,4324,11
2023-08-17,4329,5
2023-08-18,4332,3
2023-08-19,4340,8
2023-08-20,4346,6
2023-08-21,4358,12
2023-08-22,4362,4
2023-08-23,4373,11
2023-08-24,4375,2
2023-08-25,4378,3
2023-08-26,4390,12
2023-08-27,4396,6
2023-08-28,4400,4
2023-08-29,4414,14
2023-08-30,4423,9
2023-08-31,4436,13
2023-09-01,4459,23
2023-09-02,4471,12
2023-09-03,4476,5
2023-09-04,4480,4
2023-09-05,4489,9
2023-09-06,4497,8
2023-09-07,4506,9
2023-09-08,4529,23
2023-09-09,4544,15
2023-09-10,4554,10
2023-09-11,4560,6
2023-09-12,4568,8
2023-09-13,4584,16
2023-09-14,4599,15
2023-09-15,4612,13
2023-09-16,4616,4
2023-09-17,4620,4
2023-09-18,4623,3
2023-09-19,4628,5
2023-09-20,4635,7
2023-09-21,4638,3
2023-09-22,4644,6
2023-09-23,4655,11
2023-09-24,4662,7
2023-09-25,4667,5
2023-09-26,4672,5
2023-09-27,4675,3
2023-09-28,4679,4
2023-09-29,4687,8
2023-09-30,4691,4
2023-10-01,4702,11
2023-10-02,4717,15
2023-10-03,4732,15
2023-10-04,4745,13
2023-10-05,4757,12
2023-10-06,4777,20
2023-10-07,4800,23
2023-10-08,4821,21
2023-10-09,4823,2
2023-10-10,4829,6
2023-10-11,4863,34
2023-10-12,4905,42
2023-10-13,4931,26
2023-10-14,4940,9
2023-10-15,4948,8
2023-10-16,4965,17
2023-10-17,4979,14
2023-10-18,4981,2
2023-10-19,4992,11
2023-10-20,5047,55
2023-10-21,5063,16
2023-10-22,5081,18
2023-10-23,5093,12
