"Дата","Статистика продажу легкових авто по діапазонах цін","дельта"
2022-07-08,133449,
2022-07-09,133220,-229
2022-07-10,132832,-388
2022-07-11,133061,229
2022-07-12,133770,709
2022-07-13,132839,-931
2022-07-14,132863,24
2022-07-15,133973,1110
2022-07-16,134669,696
2022-07-17,135556,887
2022-07-18,136294,738
2022-07-19,138939,2645
2022-07-20,140132,1193
2022-07-21,141075,943
2022-07-22,142494,1419
2022-07-23,143096,602
2022-07-24,144019,923
2022-07-25,144582,563
2022-07-26,147497,2915
2022-07-27,148350,853
2022-07-28,150282,1932
2022-07-29,151379,1097
2022-07-30,151741,362
2022-07-31,153744,2003
2022-08-01,155169,1425
2022-08-02,156066,897
2022-08-03,156788,722
2022-08-04,157145,357
2022-08-05,157333,188
2022-08-06,157427,94
2022-08-07,156900,-527
2022-08-08,157619,719
2022-08-09,158834,1215
2022-08-10,159039,205
2022-08-11,159329,290
2022-08-12,159192,-137
2022-08-13,158580,-612
2022-08-14,157592,-988
2022-08-15,157855,263
2022-08-16,156588,-1267
2022-08-17,156683,95
2022-08-18,156819,136
2022-08-19,156638,-181
2022-08-20,156230,-408
2022-08-21,155703,-527
2022-08-22,156515,812
2022-08-23,157131,616
2022-08-24,157442,311
2022-08-25,157599,157
2022-08-26,157982,383
2022-08-27,157865,-117
2022-08-28,157552,-313
2022-08-29,158019,467
2022-08-30,158514,495
2022-08-31,159108,594
2022-09-01,159485,377
2022-09-02,159704,219
2022-09-03,159150,-554
2022-09-04,159132,-18
2022-09-05,160156,1024
2022-09-06,161014,858
2022-09-07,161366,352
2022-09-08,161957,591
2022-09-09,161372,-585
2022-09-10,161386,14
2022-09-11,160410,-976
2022-09-12,160245,-165
2022-09-13,160251,6
2022-09-14,160328,77
2022-09-15,160524,196
2022-09-16,158774,-1750
2022-09-17,158195,-579
2022-09-18,157098,-1097
2022-09-19,156958,-140
2022-09-20,157581,623
2022-09-21,157627,46
2022-09-22,157134,-493
2022-09-23,156794,-340
2022-09-24,156559,-235
2022-09-25,156312,-247
2022-09-26,157069,757
2022-09-27,157503,434
2022-09-28,157756,253
2022-09-29,157564,-192
2022-09-30,156601,-963
2022-10-01,156023,-578
2022-10-02,157383,1360
2022-10-03,158720,1337
2022-10-04,160408,1688
2022-10-05,161303,895
2022-10-06,162250,947
2022-10-07,160013,-2237
2022-10-08,164183,4170
2022-10-09,165096,913
2022-10-10,165686,590
2022-10-11,166333,647
2022-10-12,167732,1399
2022-10-13,168795,1063
2022-10-14,169098,303
2022-10-15,169884,786
2022-10-16,170454,570
2022-10-17,170848,394
2022-10-18,172807,1959
2022-10-19,173885,1078
2022-10-20,174171,286
2022-10-21,174475,304
2022-10-22,174617,142
2022-10-23,174597,-20
2022-10-24,174919,322
2022-10-25,175864,945
2022-10-26,175986,122
2022-10-27,175910,-76
2022-10-28,176055,145
2022-10-29,176199,144
2022-10-30,176443,244
2022-10-31,178354,1911
2022-11-01,179293,939
2022-11-02,179965,672
2022-11-03,180139,174
2022-11-04,180107,-32
2022-11-05,180208,101
2022-11-06,180033,-175
2022-11-07,180378,345
2022-11-08,180942,564
2022-11-09,181343,401
2022-11-10,181753,410
2022-11-11,181694,-59
2022-11-12,180880,-814
2022-11-13,180531,-349
2022-11-14,180825,294
2022-11-15,181456,631
2022-11-16,181120,-336
2022-11-17,180730,-390
2022-11-18,180181,-549
2022-11-19,179527,-654
2022-11-20,178951,-576
2022-11-21,178680,-271
2022-11-22,178579,-101
2022-11-23,178427,-152
2022-11-24,176921,-1506
2022-11-25,176903,-18
2022-11-26,177097,194
2022-11-27,177084,-13
2022-11-28,176908,-176
2022-11-29,176737,-171
2022-11-30,176879,142
2022-12-01,175617,-1262
2022-12-02,175518,-99
2022-12-03,176332,814
2022-12-04,176217,-115
2022-12-05,176113,-104
2022-12-06,175959,-154
2022-12-07,176028,69
2022-12-08,176130,102
2022-12-09,175444,-686
2022-12-10,24220,-151224
2022-12-11,50703,26483
2022-12-12,170633,119930
2022-12-13,70927,-99706
2022-12-14,161013,90086
2022-12-15,174710,13697
2022-12-16,160843,-13867
2022-12-17,174253,13410
2022-12-18,174036,-217
2022-12-19,174304,268
2022-12-20,174682,378
2022-12-21,175065,383
2022-12-22,175486,421
2022-12-23,162959,-12527
2022-12-24,176135,13176
2022-12-25,176211,76
2022-12-26,129585,-46626
2022-12-27,176479,46894
2022-12-28,129508,-46971
2022-12-29,175942,46434
2022-12-30,175470,-472
2022-12-31,175493,23
2023-01-01,175200,-293
2023-01-02,176234,1034
2023-01-03,58136,-118098
2023-01-04,177794,119658
2023-01-05,72829,-104965
2023-01-06,179007,106178
2023-01-07,178959,-48
2023-01-08,179092,133
2023-01-09,171659,-7433
2023-01-10,180405,8746
2023-01-11,167329,-13076
2023-01-12,180664,13335
2023-01-13,180614,-50
2023-01-14,47311,-133303
2023-01-15,124601,77290
2023-01-16,180720,56119
2023-01-17,181542,822
2023-01-18,181894,352
2023-01-19,182141,247
2023-01-20,182149,8
2023-01-21,182047,-102
2023-01-22,182467,420
2023-01-23,183145,678
2023-01-24,183603,458
2023-01-25,183694,91
2023-01-26,183681,-13
2023-01-27,183897,216
2023-01-28,184222,325
2023-01-29,184663,441
2023-01-30,185279,616
2023-01-31,185779,500
2023-02-01,75991,-109788
2023-02-02,186846,110855
2023-02-03,186845,-1
2023-02-04,186728,-117
2023-02-05,186766,38
2023-02-06,187347,581
2023-02-07,188116,769
2023-02-08,188546,430
2023-02-09,188829,283
2023-02-10,189000,171
2023-02-11,189442,442
2023-02-12,189836,394
2023-02-13,76334,-113502
2023-02-14,191376,115042
2023-02-15,191864,488
2023-02-16,192312,448
2023-02-17,192781,469
2023-02-18,193191,410
2023-02-19,78398,-114793
2023-02-20,194166,115768
2023-02-21,194974,808
2023-02-22,194870,-104
2023-02-23,195051,181
2023-02-24,195421,370
2023-02-25,195510,89
2023-02-26,195518,8
2023-02-27,194340,-1178
2023-02-28,194119,-221
2023-03-01,190188,-3931
2023-03-02,194640,4452
2023-03-03,195268,628
2023-03-04,195730,462
2023-03-05,69600,-126130
2023-03-06,181355,111755
2023-03-07,79518,-101837
2023-03-08,179502,99984
2023-03-09,75710,-103792
2023-03-10,74578,-1132
2023-03-11,198143,123565
2023-03-12,187959,-10184
2023-03-13,178103,-9856
2023-03-14,75884,-102219
2023-03-15,148454,72570
2023-03-16,19924,-128530
2023-03-17,124211,104287
2023-03-18,197702,73491
2023-03-19,65058,-132644
2023-03-20,124827,59769
2023-03-21,29287,-95540
2023-03-22,186053,156766
2023-03-23,150369,-35684
2023-03-24,14914,-135455
2023-03-25,191951,177037
2023-03-26,201578,9627
2023-03-27,145929,-55649
2023-03-28,188019,42090
2023-03-29,200070,12051
2023-03-30,121412,-78658
2023-03-31,135702,14290
2023-04-01,0,-135702
2023-04-02,201533,65831
2023-04-03,186378,-15155
2023-04-04,191361,4983
2023-04-05,201302,9941
2023-04-06,199077,-2225
2023-04-07,148830,-50247
2023-04-08,138747,-10083
2023-04-09,199629,60882
2023-04-10,149919,-49710
2023-04-11,190281,40362
2023-04-12,200450,10169
2023-04-13,198434,-2016
2023-04-14,199752,1318
2023-04-15,27994,-171758
2023-04-16,78045,50051
2023-04-17,63636,-14409
2023-04-18,188920,125284
2023-04-19,198314,9394
2023-04-20,67766,-130548
2023-04-21,150114,82348
2023-04-22,199272,49158
2023-04-23,73524,-125748
2023-04-24,150870,77346
2023-04-25,201439,50569
2023-04-26,171837,-29602
2023-04-27,201788,29951
2023-04-28,201539,-249
2023-04-29,201210,-329
2023-04-30,200686,-524
2023-05-01,175010,-25676
2023-05-02,201613,26603
2023-05-03,202865,1252
2023-05-04,202782,-83
2023-05-05,203149,367
2023-05-06,123566,-79583
2023-05-07,203937,80371
2023-05-08,204607,670
2023-05-09,205536,929
2023-05-10,195883,-9653
2023-05-11,206274,10391
2023-05-12,204752,-1522
2023-05-13,206349,1597
2023-05-14,202277,-4072
2023-05-15,205597,3320
2023-05-16,208403,2806
2023-05-17,81545,-126858
2023-05-18,193941,112396
2023-05-19,209001,15060
2023-05-20,209005,4
2023-05-21,208485,-520
2023-05-22,205200,-3285
2023-05-23,210357,5157
2023-05-24,210705,348
2023-05-25,210634,-71
2023-05-26,195076,-15558
2023-05-27,210279,15203
2023-05-28,209510,-769
2023-05-29,209863,353
2023-05-30,160147,-49716
2023-05-31,209570,49423
2023-06-01,211799,2229
2023-06-02,212145,346
2023-06-03,211888,-257
2023-06-04,211532,-356
2023-06-05,211327,-205
2023-06-06,198748,-12579
2023-06-07,215050,16302
2023-06-08,206186,-8864
2023-06-09,83673,-122513
2023-06-10,219168,135495
2023-06-11,220220,1052
2023-06-12,0,-220220
2023-06-13,157905,-62315
2023-06-14,214373,56468
2023-06-15,0,-214373
2023-06-16,0,-214373
2023-06-17,0,-214373
2023-06-18,0,-214373
2023-06-19,0,-214373
2023-06-20,0,-214373
2023-06-21,0,-214373
2023-06-22,0,-214373
2023-06-23,0,-214373
2023-06-24,0,-214373
2023-06-25,215101,728
2023-06-26,213736,-1365
2023-06-27,215820,2084
2023-06-28,217509,1689
2023-06-29,163245,-54264
2023-06-30,220563,57318
2023-07-01,221525,962
2023-07-02,207247,-14278
2023-07-03,225109,17862
2023-07-04,227134,2025
2023-07-05,212283,-14851
2023-07-06,218576,6293
2023-07-07,226460,7884
2023-07-08,217446,-9014
2023-07-09,218714,1268
2023-07-10,219616,902
2023-07-11,222666,3050
2023-07-12,172520,-50146
2023-07-13,226641,54121
2023-07-14,227737,1096
2023-07-15,229069,1332
2023-07-16,213639,-15430
2023-07-17,218028,4389
2023-07-18,219060,1032
2023-07-19,219511,451
2023-07-20,219158,-353
2023-07-21,219675,517
2023-07-22,219853,178
2023-07-23,221016,1163
2023-07-24,220761,-255
2023-07-25,216406,-4355
2023-07-26,222090,5684
2023-07-27,220090,-2000
2023-07-28,218336,-1754
2023-07-29,219606,1270
2023-07-30,219335,-271
2023-07-31,207930,-11405
2023-08-01,219087,11157
2023-08-02,219088,1
2023-08-03,219461,373
2023-08-04,219894,433
2023-08-05,219387,-507
2023-08-06,219147,-240
2023-08-07,218953,-194
2023-08-08,219888,935
2023-08-09,220153,265
2023-08-10,208156,-11997
2023-08-11,208081,-75
2023-08-12,219782,11701
2023-08-13,219403,-379
2023-08-14,219643,240
2023-08-15,219903,260
2023-08-16,220675,772
2023-08-17,220705,30
2023-08-18,34859,-185846
2023-08-19,219426,184567
2023-08-20,219826,400
2023-08-21,220077,251
2023-08-22,221093,1016
2023-08-23,221892,799
2023-08-24,222451,559
2023-08-25,222479,28
2023-08-26,222243,-236
2023-08-27,221951,-292
2023-08-28,222179,228
2023-08-29,222666,487
2023-08-30,221370,-1296
2023-08-31,222652,1282
2023-09-01,222551,-101
2023-09-02,86207,-136344
2023-09-03,217320,131113
2023-09-04,222059,4739
2023-09-05,223157,1098
2023-09-06,224415,1258
2023-09-07,224677,262
2023-09-08,84065,-140612
2023-09-09,212261,128196
2023-09-10,224855,12594
2023-09-11,224826,-29
2023-09-12,226436,1610
2023-09-13,208978,-17458
2023-09-14,227172,18194
2023-09-15,227056,-116
2023-09-16,226826,-230
2023-09-17,226695,-131
2023-09-18,227300,605
2023-09-19,228547,1247
2023-09-20,228646,99
2023-09-21,228756,110
2023-09-22,228486,-270
2023-09-23,228170,-316
2023-09-24,72259,-155911
2023-09-25,228002,155743
2023-09-26,229258,1256
2023-09-27,230020,762
2023-09-28,230246,226
2023-09-29,230238,-8
2023-09-30,230192,-46
2023-10-01,230113,-79
2023-10-02,230266,153
2023-10-03,231668,1402
2023-10-04,218950,-12718
2023-10-05,232630,13680
2023-10-06,219439,-13191
2023-10-07,232676,13237
2023-10-08,232072,-604
2023-10-09,232085,13
2023-10-10,233107,1022
2023-10-11,233363,256
2023-10-12,214026,-19337
2023-10-13,233591,19565
2023-10-14,233713,122
2023-10-15,233688,-25
2023-10-16,178336,-55352
2023-10-17,234688,56352
2023-10-18,235132,444
2023-10-19,235179,47
2023-10-20,235555,376
2023-10-21,234926,-629
2023-10-22,214725,-20201
2023-10-23,235077,20352
2023-10-24,236097,1020
2023-10-25,222712,-13385
2023-10-26,96908,-125804
2023-10-27,96829,-79
2023-10-28,235131,138302
2023-10-29,234605,-526
2023-10-30,230392,-4213
2023-10-31,236598,6206
2023-11-01,236743,145
2023-11-02,235157,-1586
2023-11-03,236933,1776
2023-11-04,237118,185
2023-11-05,236931,-187
2023-11-06,231720,-5211
2023-11-07,237624,5904
2023-11-08,238434,810
2023-11-09,237963,-471
2023-11-10,238088,125
2023-11-11,224126,-13962
2023-11-12,97443,-126683
2023-11-13,237618,140175
2023-11-14,238499,881
2023-11-15,238535,36
2023-11-16,238598,63
2023-11-17,238265,-333
2023-11-18,100090,-138175
2023-11-19,237764,137674
2023-11-20,238240,476
2023-11-21,238657,417
2023-11-22,100724,-137933
2023-11-23,238511,137787
2023-11-24,238581,70
2023-11-25,237367,-1214
2023-11-26,238550,1183
2023-11-27,238534,-16
2023-11-28,238785,251
2023-11-29,238807,22
2023-11-30,238339,-468
2023-12-01,238368,29
